2059.355028716473 2114.595474082817
2046.734604268357 2059.355028716473
2012.538653320953 2046.734604268357
1956.911138507176 2012.538653320953
1941.388560963489 1956.911138507176
1905.420183641729 1941.388560963489
1896.437657236561 1905.420183641729
1843.518484732697 1896.437657236561
1843.503289430281 1843.518484732697
1834.103689935418 1843.503289430281
1830.352493764839 1834.103689935418
1786.800286786627 1830.352493764839
1731.653236682057 1786.800286786627
1714.565452300297 1731.653236682057
1710.861821983438 1714.565452300297
1645.140269826448 1710.861821983438
1578.378838566097 1645.140269826448
1559.977378719459 1578.378838566097
1477.029848228849 1559.977378719459
1449.505253157219 1477.029848228849
1434.676891155597 1449.505253157219
1421.987188601195 1434.676891155597
1420.951621353114 1421.987188601195
1414.657139728756 1420.951621353114
1410.96091469842 1414.657139728756
1399.47268268978 1410.96091469842
1392.738010043132 1399.47268268978
1317.064268714339 1392.738010043132
1294.402260539015 1317.064268714339
1216.111951410311 1294.402260539015
1169.833849960632 1216.111951410311
1154.992513011228 1169.833849960632
