1929.308403211955 1947.778812652015
1702.436416174175 1929.308403211955
1685.096269066459 1702.436416174175
1655.859568801532 1685.096269066459
1635.348229967982 1655.859568801532
1569.533627883114 1635.348229967982
1566.115400592211 1569.533627883114
1467.932022264793 1566.115400592211
1465.162043264808 1467.932022264793
1412.787095263049 1465.162043264808
1372.339944009813 1412.787095263049
1349.96321646942 1372.339944009813
1315.069529970674 1349.96321646942
1277.514469550885 1315.069529970674
1224.042567147822 1277.514469550885
1210.86889926435 1224.042567147822
1176.197504415954 1210.86889926435
1160.320821486097 1176.197504415954
1157.446686429844 1160.320821486097
1146.215084808562 1157.446686429844
1086.036047058331 1146.215084808562
1055.382154911412 1086.036047058331
1049.673114322777 1055.382154911412
972.8359025924733 1049.673114322777
954.1990301632339 972.8359025924733
944.4550943877031 954.1990301632339
928.6397993322248 944.4550943877031
