3074.590491294259 3243.406154056462
3037.114229234504 3074.590491294259
2974.705087854527 3037.114229234504
2969.042135779992 2974.705087854527
2952.450487101744 2969.042135779992
2832.367515467787 2952.450487101744
2813.105423495213 2832.367515467787
2801.193690549331 2813.105423495213
2730.496362113468 2801.193690549331
2638.364467504255 2730.496362113468
2605.535716229824 2638.364467504255
2592.193262862727 2605.535716229824
2544.10703020636 2592.193262862727
2508.68617818131 2544.10703020636
2498.010894241826 2508.68617818131
2444.971664382737 2498.010894241826
2400.930027955265 2444.971664382737
2398.726762493841 2400.930027955265
2375.852170053129 2398.726762493841
2252.881082244946 2375.852170053129
2218.76265224669 2252.881082244946
2171.295793777789 2218.76265224669
2065.344066289381 2171.295793777789
2004.495735879172 2065.344066289381
